
# Chart
https://www.chartjs.org/docs/latest/charts/line.html

# const labels = Utils.months({count: 7});



const data = {
  labels: [10,20,30,40,50,60,70,80,90,100,110,120,130,140,150,160,170,180,190,200,210,220,230,240,250,260,270,280,290,300,310,320,330,340,350,360,370,380,390,400,410,420,430,440,450,460,470,480,490,500,510,520,530,540,550,560,570,580,590,600,610,620,630,640,650,660,670,680,690,700,710,720,730,740,750,760,770,780,790,800,810,820,830,840,850,860,870,880,890,900,910,920,930,940,950,960,970,980,990,1000,1010,1020,1030,1040,1050,1060,1070,1080,1090,1100,1110,1120,1130,1140,1150,1160,1170,1180,1190,1200,1210,1220,1230,1240,1250,1260,1270,1280,1290,1300,1310,1320,1330,1340,1350,1360,1370,1380,1390,1400,1410,1420,1430,1440,1450,1460,1470,1480,1490,1500,1510,1520,1530,1540,1550,1560,1570,1580,1590,1600,1610,1620,1630,1640,1650,1660,1670,1680,1690,1700,1710,1720,1730,1740,1750,1760,1770,1780,1790,1800,1810,1820,1830,1840,1850,1860,1870,1880,1890,1900,1910,1920,1930,1940,1950,1960,1970,1980,1990,2000,2010,2020,2030,2040,2050,2060,2070,2080,2090,2100,2110,2120,2130,2140,2150,2160,2170,2180,2190,2200,2210,2220,2230,2240,2250,2260,2270,2280,2290,2300,2310,2320,2330,2340,2350,2360,2370,2380,2390,2400,2410,2420,2430,2440,2450,2460,2470,2480,2490,2500,2510,2520,2530,2540,2550,2560,2570,2580,2590,2600,2610,2620,2630,2640,2650,2660,2670,2680,2690,2700,2710,2720,2730,2740,2750,2760,2770,2780,2790,2800,2810,2820,2830,2840,2850,2860,2870,2880,2890,2900,2910,2920,2930,2940,2950,2960,2970,2980,2990,3000,3010,3020,3030,3040,3050,3060,3070,3080,3090,3100,3110,3120,3130,3140,3150,3160,3170,3180,3190,3200,3210,3220,3230,3240,3250,3260,3270,3280,3290,3300,3310,3320,3330,3340,3350,3360,3370,3380,3390,3400,3410,3420,3430,3440,3450,3460,3470,3480,3490,3500,3510,3520,3530,3540,3550,3560,3570,3580,3590,3600,3610,3620,3630,3640,3650,3660,3670,3680,3690,3700,3710,3720,3730,3740,3750,3760,3770,3780,3790,3800,3810,3820,3830,3840,3850,3860,3870,3880,3890,3900,3910,3920,3930,3940,3950,3960,3970,3980,3990,4000,4010,4020,4030,4040,4050,4060,4070,4080,4090,4100,4110,4120,4130,4140,4150,4160,4170,4180,4190,4200,4210,4220,4230,4240,4250,4260,4270,4280,4290,4300,4310,4320,4330,4340,4350,4360,4370,4380,4390,4400,4410,4420,4430,4440,4450,4460,4470,4480,4490,4500,4510,4520,4530,4540,4550,4560,4570,4580,4590,4600,4610,4620,4630,4640,4650,4660,4670,4680,4690,4700,4710,4720,4730,4740,4750,4760,4770,4780,4790,4800,4810,4820,4830,4840,4850,4860,4870,4880,4890,4900,4910,4920,4930,4940,4950,4960,4970,4980,4990,5000,5010,5020,5030,5040,5050,5060,5070,5080,5090,5100,5110,5120,5130,5140,5150,5160,5170,5180,5190,5200,5210,5220,5230,5240,5250,5260,5270,5280,5290,5300,5310,5320,5330,5340,5350,5360,5370,5380,5390,5400,5410,5420,5430,5440,5450,5460,5470,5480,5490,5500,5510,5520,5530,5540,5550,5560,5570,5580,5590,5600,5610,5620,5630,5640,5650,5660,5670,5680,5690,5700,5710,5720,5730,5740,5750,5760,5770,5780,5790,5800,5810,5820,5830,5840,5850,5860,5870,5880,5890,5900,5910,5920,5930,5940,5950,5960,5970,5980],
  datasets: [{
    label: 'P3/R1',
    order: 1,
    data: [0.653811,0.449834,0.468076,0.460059,0.506102,0.525373,0.515633,0.550039,0.487937,0.528407,0.523123,0.497779,0.500306,0.419284,0.511244,0.493756,0.47901,0.469791,0.505012,0.497248,0.462492,0.486474,0.501419,0.418643,0.511395,0.499122,0.423083,0.444423,0.454977,0.471026,0.414548,0.456419,0.482379,0.464508,0.553312,0.534017,0.473615,0.507828,0.487691,0.425026,0.532268,0.523573,0.518221,0.422045,0.421949,0.472204,0.551635,0.491603,0.519949,0.482876,0.477331,0.529971,0.51074,0.473166,0.565284,0.552041,0.648464,0.569154,0.579086,0.56912,0.614449,0.496764,0.577658,0.599364,0.811435,0.760863,0.468835,0.549913,0.494773,0.545408,0.746712,0.681469,0.601825,0.541397,0.516043,0.524692,0.614421,0.594118,0.545276,0.465395,0.869235,0.897339,0.943546,1.597975,0.654014,0.674864,0.566382,0.560222,0.574784,0.579074,0.505666,0.542731,0.422002,0.474224,0.48848,0.472221,0.510588,0.458785,0.486848,0.524509,0.477101,0.527069,0.550433,0.554394,0.521511,0.494125,0.480832,0.468032,0.521605,0.391224,0.528732,0.463108,0.4935,0.515787,0.493329,0.419531,0.537616,0.499726,0.547428,0.536669,0.475931,0.472037,0.519266,0.477034,0.539823,0.540171,0.510518,0.533072,0.570404,0.55817,0.529572,0.514682,0.5505,0.505992,0.476018,0.541862,0.532416,0.537593,0.451641,0.552383,0.414622,0.454959,0.490421,0.473681,0.543676,0.534805,0.479104,0.559206,0.520197,0.497339,0.437626,0.418526,0.483811,0.414759,0.425681,0.446402,0.513778,0.463234,0.343089,0.463865,0.50694,0.45122,0.471031,0.516036,0.539349,0.464304,1.705069,1.692626,0.563598,0.508293,0.515032,0.481763,0.606367,0.53041,0.575597,0.556433,0.475977,0.499159,0.530176,0.505131,0.471629,0.479053,0.482911,0.474745,0.543122,0.475661,0.468449,0.459931,0.351323,0.488897,0.584035,0.51245,0.449607,0.499408,0.52109,0.495075,0.676673,0.599005,0.493717,0.526116,0.436906,0.453042,0.519175,0.504715,0.497441,0.469388,0.475936,0.48948,0.439592,0.413081,0.476011,0.508949,0.753187,0.744251,0.476836,0.471087,0.513877,0.497682,0.474005,0.468643,0.582508,0.53136,0.448258,0.437964,0.350202,0.425136,0.51014,0.485615,0.463223,0.463872,0.430013,0.384225,0.457234,0.510406,0.501497,0.435518,0.411638,0.484504,0.520621,0.47975,0.508585,0.466422,0.455498,0.477743,0.524184,0.509954,0.643088,0.572353,0.478728,0.507823,0.51973,0.505843,0.499321,0.577802,0.492409,0.489585,0.594062,0.583808,0.460504,0.435664,0.489162,0.503252,0.510994,0.469414,0.632691,0.619596,0.581735,0.628619,0.878383,0.882001,0.640632,0.652744,0.713103,0.744213,0.621561,0.567772,0.711286,0.601435,0.526819,0.452129,0.510187,0.456075,0.785559,0.719746,0.711975,0.708075,1.400662,1.380126,0.471411,0.416735,0.457109,0.520826,1.355814,0.310915,0.540103,0.517993,0.470859,0.462934,0.555389,0.548665,0.434366,0.45068,0.476049,0.504933,0.522694,0.474458,0.525682,0.497499,0.467201,0.491562,0.537102,0.508818,0.47986,0.471121,0.524582,0.407045,0.56503,0.5704,0.596473,0.534538,0.479304,0.470093,0.465718,0.46125,0.540675,0.511936,0.454361,0.464943,0.466194,0.509064,0.499066,0.491816,0.577616,0.575064,0.497842,0.493242,0.521375,0.485607,0.495533,0.478865,0.489286,0.478029,0.540517,0.529707,0.434778,0.467185,0.502534,0.519657,0.380796,0.47663,0.492716,0.481372,0.511105,0.467449,0.479947,0.514734,0.459513,0.443475,0.519776,0.459661,0.523924,0.51877,0.717301,0.764257,0.50791,0.502083,0.496484,0.491621,0.428469,0.548694,0.467724,0.494677,0.498532,0.491317,0.493853,0.514052,0.450411,0.45311,0.507087,0.46365,0.505329,0.497513,0.504717,0.518365,0.480565,0.443455,0.411896,0.455922,0.56086,0.492857,0.440932,0.429066,0.500664,0.370981,0.45435,0.494523,0.456581,0.508804,0.519095,0.501325,0.458051,0.385356,0.470408,0.462331,0.524306,0.466696,0.470172,0.516329,0.501486,0.492716,0.404567,0.417851,0.4444,0.509825,0.434835,0.472836,0.493985,0.480991,0.526994,0.45082,0.474788,0.465349,0.542881,0.402405,0.45803,0.439509,0.504797,0.44618,0.466173,0.465248,0.508153,0.523696,0.498007,0.508401,0.527891,0.5229,0.44787,0.48982,0.480272,0.505405,0.547047,0.505284,0.505877,0.502579,0.45835,0.432687,0.506788,0.441557,0.438044,0.474058,2.870908,0.497329,0.388333,0.440601,0.477731,0.483826,0.460188,1.128523,0.406804,0.484542,0.490991,0.520653,0.473791,0.467621,0.481783,0.39888,0.53581,0.519643,0.493295,0.512377,0.498612,0.4426,0.469012,0.433661,0.54932,0.472336,0.492217,0.452821,0.514049,0.506746,0.523456,0.524759,0.474926,0.452106,0.480596,0.490859,0.413328,0.420869,0.429424,0.448134,0.358253,0.466375,0.520068,0.513951,0.490671,0.518284,0.462284,0.444479,0.564495,0.611541,0.442798,0.46171,0.496944,0.502327,0.490965,0.45054,0.493623,0.474626,0.52451,0.463315,0.489109,0.466273,0.487392,0.483221,0.497592,0.414112,1.613969,1.595459,0.466404,0.454204,0.468643,0.429062,0.525907,0.494203,0.480519,0.490143,0.587187,0.496822,0.537113,0.509082,0.498656,0.462829,0.475648,0.472203,0.453673,0.516452,0.477234,0.3753,0.46989,0.466812,1.698235,0.378011,0.505546,0.491708,0.361413,0.518375,0.519017,0.474542,0.514741,0.453048,0.530988,0.466684,0.530954,0.496544,0.484631,0.478617,0.449959,0.511292,0.464769,0.451689,0.478872,0.497728,0.469029,0.498275,0.525677,0.480482,0.530018,0.460545,0.515517,0.485151,0.522364,0.514184,0.518298,0.52885,1.23041,1.265332,0.405873,0.448387,0.47322,0.475581,1.408957,1.560838,0.52927,0.485167,0.507908,0.514607,0.484297,0.462339,0.455887,0.449814,0.494651,0.470234,1.185297,0.949436,0.498894,0.450717,2.025928,0.348775],
    fill: false,
    borderColor: 'rgb(75, 192, 192)',
    tension: 0.1,
    borderWidth: 0.5
  },
  {
    label: 'P3/R2',
    order: 2,
    data: [0.573918,0.647051,0.47752,0.486236,0.533972,0.503333,0.390296,0.42636,0.494001,0.501743,0.450243,0.49589,0.543071,0.503669,0.478588,0.419745,0.496186,0.495481,0.487745,0.474689,0.479345,0.474561,0.535753,0.518504,0.479275,0.476257,0.542994,0.539306,0.533693,0.476653,0.460602,0.514668,0.419744,0.55135,0.47761,0.463274,0.568699,0.563747,0.70357,0.72961,0.540364,0.58287,0.518448,0.516792,0.486696,0.480774,0.510832,0.526617,0.505894,0.49481,0.824427,0.848494,1.017279,0.986212,0.498017,0.573613,0.505889,0.484962,0.486611,0.469098,0.483945,0.506658,0.415512,0.516498,0.501849,0.518562,0.550006,0.481779,0.496185,0.492204,0.542127,0.489376,0.490696,0.485682,0.51633,0.456327,0.48191,0.475683,0.518193,0.506186,0.497723,0.447164,0.696046,0.679468,0.53267,0.493858,0.547598,0.534996,0.549103,0.470248,0.486389,0.480777,0.498965,0.484756,0.488999,0.475258,0.492359,0.488952,0.475167,0.503594,0.545741,0.508077,0.518669,0.484532,0.452886,0.635376,0.571789,0.515348,0.545256,0.534763,0.506529,0.545021,0.477033,0.483424,0.501003,0.435187,0.500541,0.509473,0.511509,0.474074,0.503908,0.466386,0.550272,0.542515,0.751361,0.773003,0.592369,0.624457,0.648254,0.585038,0.536394,0.523607,0.579426,0.537388,0.473418,0.475938,0.552795,0.499567,0.501442,0.462583,0.347797,0.362536,0.521499,0.546088,0.507287,0.544997,0.458997,0.5332,0.485404,0.473431,0.470896,0.482751,0.496648,0.480319,0.528494,0.526771,0.533972,0.481306,0.367526,0.508425,0.473201,0.505244,0.534622,0.473211,0.465967,0.513339,0.482816,0.507947,0.539858,0.492236,0.461828,0.533405,0.574409,0.509558,0.532002,0.538128,0.643066,0.576818,0.538439,0.504884,0.499031,0.546088,0.469363,0.467852,0.539655,0.485051,0.477886,0.523456,0.459827,0.465312,0.507347,0.514315,0.505197,0.543956,0.516001,0.500111,0.619185,0.609379,0.534152,0.407271,0.528173,0.486267,0.525396,0.505154,0.564498,0.556655,0.538417,0.484105,0.535358,0.519606,0.455974,0.527492,0.551024,0.459235,0.490181,0.497645,0.512645,0.488197,0.511925,0.5095,0.493673,0.518453,0.500026,0.526486,0.51179,0.466504,0.559608,0.545545,0.776733,0.807602,0.4889,0.488622,0.497735,0.453234,0.597874,0.58502,0.474773,0.480174,0.494629,0.498198,0.460383,0.43759,0.476821,0.431171,0.482002,0.511092,0.465171,0.483727,0.537388,0.496061,0.481953,0.52395,0.50452,0.528665,0.478392,0.493541,0.534487,0.487221,0.548522,0.493251,0.613859,0.619941,0.516993,0.532515,0.507028,0.498341,0.470336,0.496773,0.48278,0.50995,0.502807,0.46731,0.447642,0.466012,0.766797,0.817024,0.5085,0.463368,0.576462,0.555045,0.692117,0.702781,0.529927,0.521511,0.551888,0.521756,0.523926,0.54799,0.660423,0.609054,0.503355,0.487005,0.493276,0.527784,0.491122,0.49755,0.434272,0.46604,0.4876,0.446098,0.47743,0.501357,0.424501,0.445321,0.510127,0.482464,0.503514,0.542533,0.539207,0.510433,0.500787,0.492226,1.559231,1.51142,0.47732,0.501487,0.473541,0.504059,0.486743,0.5193,0.456597,0.447608,0.505227,0.540385,0.469934,0.497393,0.492104,0.467218,0.53695,0.481203,0.508411,0.508409,0.46792,0.475773,0.608051,0.599714,0.51357,0.457294,0.579762,0.637364,0.631764,0.732829,0.49396,0.48709,0.478565,0.502718,0.526242,0.491232,0.685518,0.671859,0.540272,0.542237,0.465097,0.453794,0.533053,0.52782,0.464907,0.517498,0.494662,0.456588,0.480891,0.457567,0.515757,0.515001,0.683675,0.642358,0.51206,0.449835,0.49076,0.471271,0.528596,0.541006,0.455668,0.469731,0.492393,0.47806,0.392039,0.465286,0.486372,0.503063,0.52996,0.508648,0.409237,0.477108,0.47532,0.498692,0.504194,0.51994,0.52309,0.498634,0.466958,0.460354,0.480888,0.521303,0.52452,0.52162,0.496811,0.508394,0.492795,0.510681,0.523788,0.488801,0.506369,0.492849,0.481834,0.474518,0.488568,0.488199,0.526016,0.508582,0.45085,0.477825,0.452685,0.484605,0.520588,0.459329,0.555675,0.466767,0.498247,0.547354,0.44839,0.483574,0.522811,0.514011,0.864823,0.866143,0.832417,0.833373,0.622698,0.664952,0.492296,0.496896,0.561732,0.556368,0.540731,0.475987,0.721667,0.742862,1.274874,1.183697,0.90242,0.953184,1.341552,1.24611,0.984659,0.942936,0.548387,0.509111,0.503441,0.555872,0.733312,0.723291,0.664404,0.599028,0.518065,0.508094,0.507912,0.581615,0.677265,0.671607,0.688795,0.623498,0.528611,0.51325,0.469625,0.464078,0.492013,0.470349,0.494161,0.542573,0.52027,0.505829,0.487972,0.476845,0.50713,0.496201,0.469912,0.48156,0.522521,0.471365,0.458047,0.44404,0.547617,0.523151,0.532719,0.474064,0.474322,0.492583,0.481351,0.497512,0.428533,0.493333,0.354714,0.452366,0.564233,0.559113,0.545319,0.530266,0.539358,0.360287,0.451296,0.465751,0.501561,0.485949,0.492885,0.495419,0.489903,0.51276,0.47859,0.528959,0.536671,0.521978,0.598046,0.576661,0.533454,0.518058,0.47612,0.518871,0.420493,0.536479,0.597779,0.539769,0.480086,0.475745,0.492762,0.502024,0.421594,0.480399,0.438633,0.36914,0.463237,0.455902,0.464189,0.492221,0.530284,0.52543,0.47007,0.500175,0.44445,0.509583,0.430189,0.429843,0.520883,0.393643,0.463836,0.528666,0.671855,0.535443,0.498912,0.551309,0.56207,0.510922,0.541131,0.50234,0.467153,0.437929,0.477219,0.497331,0.523393,0.469121,0.403936,0.462771,0.381823,0.4646,0.476252,0.483181,0.496765,0.537279,0.469598,0.455556,0.823158,0.849587,0.487443,0.472344,0.48798,0.481917,0.478148,0.471604,0.527331,0.520192,0.739921,0.673488,0.489939,0.525176,0.497072,0.489313,0.503455,0.523086,0.533725,0.479304,0.495836,0.490641,0.4698,0.506704,0.50018,0.530469,0.444191,0.458064],
    fill: false,
    borderColor: 'rgb(75, 192, 192)',
    tension: 0.1,
    borderWidth: 0.5
  },
  {
    label: 'P6/R1',
    order: 0,
    data: [
       0.527651,0.493299,0.538456,0.388505,0.522562,0.492587,0.538688,0.493042,0.482074,0.488332,0.881935,0.382263,0.616193,0.581275,0.408917,0.53576,0.549701,0.494451,0.453073,0.508483,0.376547,0.48939,0.512644,0.537616,0.582083,0.626153,0.472399,0.480893,0.804482,0.809192,0.493223,0.541139,0.531422,0.536107,0.521825,0.444928,0.522988,0.499224,0.502513,0.469219,0.53363,0.481077,0.517223,0.489245,0.478315,0.421203,0.437604,0.398656,0.537584,0.52083,0.51702,0.493388,0.517352,0.542861,0.472133,0.465339,0.53545,0.503912,0.508254,0.470923,0.510525,0.512597,0.475328,0.451697,0.589362,0.575102,0.509494,0.50016,0.453198,0.468748,0.500961,0.477829,0.518137,0.497275,0.54338,0.555597,0.462737,0.496324,0.482886,0.493671,0.515833,0.514101,0.512868,0.444729,0.506706,0.488958,0.476717,0.498702,0.584517,0.514921,0.391838,0.48357,0.504423,0.483858,0.566577,0.548874,0.466973,0.469098,0.485746,0.531179,0.580811,0.532747,0.506564,0.573473,0.531183,0.564059,0.545574,0.531499,0.616014,0.617793,0.486942,0.491115,0.529961,0.495037,0.547648,0.538004,0.536289,0.478741,0.498586,0.487502,0.508834,0.498784,0.517301,0.5391,0.488406,0.506892,0.531348,0.511989,0.434379,0.422243,0.529045,0.460997,0.477659,0.471255,0.477586,0.435808,0.501197,0.48649,0.472825,0.484685,0.547147,0.51195,0.491928,0.480082,0.472422,0.460607,0.459758,0.4811,0.396933,0.486297,0.507999,0.392499,0.513652,0.446906,0.486514,0.47762,0.51778,0.462785,0.503049,0.533067,0.48289,0.491577,0.509335,0.485863,0.491853,0.484382,0.532141,0.522224,0.430219,0.508506,0.455253,0.455194,0.558919,0.506014,0.459677,0.52644,0.45986,0.489942,0.529093,0.522556,0.799297,0.744324,0.405687,0.559078,0.488271,0.481356,0.506641,0.465052,0.429079,0.420603,0.675655,0.575787,0.478574,0.524317,0.556711,0.547715,0.437565,0.512844,0.490987,0.531082,0.50243,0.499945,0.52293,0.542954,0.466148,0.498792,0.522392,0.45768,0.55275,0.543021,0.521429,0.426821,0.466598,0.437414,0.557398,0.544637,0.482743,0.476327,0.454427,0.504586,0.531285,0.518365,0.51867,0.529193,0.497242,0.488375,0.540176,0.471609,0.545282,0.447733,0.494178,0.48204,0.499557,0.567737,0.484549,0.484961,0.471186,0.503217,0.534223,0.454369,0.478455,0.472425,0.497759,0.52818,0.463095,0.452659,0.542405,0.47954,0.464926,0.499677,0.590429,0.552336,0.525557,0.480817,0.469745,0.446353,0.537951,0.506235,0.5247,0.43987,0.469947,0.462224,0.498955,0.466172,0.556663,0.514927,0.508664,0.448752,0.480249,0.467219,0.517235,0.563226,0.476271,0.475633,0.552248,0.544771,0.436386,0.489541,0.551951,0.528802,0.484286,0.515076,0.512565,0.476264,0.507805,0.524524,0.413034,0.441181,0.49792,0.522702,0.486057,0.503948,0.546183,0.537795,0.338776,0.479332,0.472324,0.475261,0.54155,0.52701,0.487111,0.471435,0.425916,0.512574,0.487113,0.486503,0.517194,0.474043,0.495026,0.47682,0.512814,0.472939,0.549014,0.551219,0.464814,0.495955,0.465016,0.475754,0.474017,0.457449,0.460401,0.457307,0.492556,0.51099,0.398961,0.45018,0.489088,0.458268,0.482281,0.526562,0.510575,0.517498,0.47686,0.479144,0.814309,0.752189,0.469318,0.465054,0.486385,0.472102,0.56142,0.547385,0.5076,0.442593,0.46246,0.465098,0.529812,0.543733,0.538539,0.532422,0.465041,0.469872,0.469559,0.442552,0.527353,0.496798,0.532185,0.492228,0.462433,0.4587,0.530028,0.488485,0.530081,0.484792,0.533502,0.525006,0.511926,0.52112,0.472106,0.462435,0.496646,0.518816,0.469064,0.479906,0.510565,0.48505,0.523348,0.515384,0.558209,0.549609,0.42631,0.501095,0.518599,0.526186,0.48393,0.478806,0.461322,0.490349,0.561582,0.53672,0.514689,0.509778,0.496153,0.450525,0.480035,0.5222,0.522421,0.502563,0.493405,0.522505,0.489346,0.482517,0.49414,0.484449,0.509872,0.462783,0.524456,0.48587,0.541363,0.46785,0.468054,0.497153,0.462856,0.529022,0.54028,0.494361,0.52584,0.511484,0.462177,0.503192,0.463571,0.461813,0.445491,0.509541,0.492149,0.480999,0.471886,0.472448,0.509799,0.517241,0.478181,0.55731,0.469032,0.488264,0.509823,0.49144,0.601346,0.572312,0.508774,0.44281,0.490701,0.480906,0.404048,0.51387,0.523692,0.548067,0.631958,0.616616,0.616243,0.730711,0.499963,0.539202,0.433478,0.500442,0.537855,0.52025,0.544464,0.504988,0.486245,0.472496,0.543578,0.531404,0.566395,0.553508,0.509437,0.414255,0.516449,0.535296,0.466299,0.536476,0.483,0.536279,0.514062,0.558618,0.587865,0.539529,0.524116,0.471962,0.482798,0.5291,0.58537,0.566391,0.54583,0.419471,0.483049,0.497424,0.797413,0.832732,0.543144,0.433212,0.506848,0.491761,0.481825,0.470305,0.57919,0.536616,0.511393,0.562535,0.494747,0.516503,0.418712,0.52055,0.538461,0.496997,0.496652,0.440667,0.387327,0.395888,0.479586,0.525781,0.54335,0.498144,0.503925,0.470953,0.49805,0.470045,0.61295,0.497534,0.486539,0.430788,0.500507,0.540354,0.531841,0.511479,0.537463,0.48389,0.504853,0.45958,0.517566,0.505621,0.612632,0.516512,0.538064,0.512717,0.510984,0.499467,0.420976,0.480187,0.512098,0.45858,0.522447,0.468469,0.495102,0.488904,0.442744,0.558124,0.531677,0.524833,0.49677,0.531507,0.491942,0.492579,0.554709,0.541786,0.487714,0.484647,0.545431,0.484383,0.508969,0.434031,0.433931,0.450766,0.479515,0.466267,0.541182,0.480764,0.468773,0.405419,0.516046,0.439828,0.466237,0.437567,0.505645,0.477517,0.495133,0.441792,0.513969,0.491918,0.512101,0.5748,0.404028,0.495283,0.486648,0.491343,0.544076,0.557754,0.481994,0.478713,0.541702,0.491567,0.487213,0.532831,0.502855,0.53286,0.618232,0.5793,0.517235,0.505364
    ],
    fill: false,
    borderColor: 'rgb(175, 22, 162)',
    tension: 0.1,
    borderWidth: 0.5
  },
  {
    label: 'P6/R2',
    data: [
       0.648585,0.635106,0.422878,0.523186,0.531011,0.529078,0.516839,0.526237,0.49765,0.524535,0.517928,0.463253,0.498341,0.521878,0.498703,0.523593,0.444656,0.419747,0.46782,0.456209,0.470919,0.519988,0.505321,0.476586,0.514175,0.494219,0.49568,0.539389,0.483294,0.493575,0.467495,0.502362,0.505277,0.5453,0.434905,0.493641,0.47765,0.44969,0.466644,0.54103,0.536689,0.52023,0.513243,0.450908,0.471645,0.474811,0.513168,0.528824,0.511181,0.441582,0.473899,0.486875,0.48588,0.50328,0.516508,0.50075,0.527617,0.450829,0.507237,0.516894,0.496783,0.529166,0.475653,0.43019,0.477022,0.507947,0.489077,0.482115,0.583,0.560768,0.514513,0.503891,0.527897,0.518492,0.645815,0.480217,0.508948,0.561799,0.538425,0.527389,0.500874,0.492661,0.5357,0.525978,0.425691,0.478439,1.12544,0.387275,0.484736,0.509901,0.515559,0.505012,0.488017,0.385287,0.508867,0.471396,0.342175,0.356574,0.400321,0.386258,0.35552,0.358051,0.50245,0.541036,0.502574,0.525024,0.515846,1.250046,0.516575,0.532486,0.50033,0.471364,0.456034,0.474832,0.571289,0.555483,0.408095,0.478633,0.477772,0.526593,0.570027,0.548563,0.469515,0.476032,0.474418,1.090378,0.454104,0.502063,0.509431,0.524589,0.537548,0.463557,0.508173,0.390453,0.484808,0.514734,0.542675,0.480106,0.521963,0.510405,0.608538,0.601733,0.532611,0.524834,0.494209,0.424285,0.434348,0.466085,0.535013,0.469121,0.550013,0.479845,0.537783,0.455587,0.484108,0.504084,0.525825,0.475692,0.487728,0.453568,0.41056,0.423444,0.47579,0.504428,0.561744,0.482503,0.53088,0.464781,0.526994,0.516532,0.509038,0.447168,0.44737,0.432617,0.465465,0.494391,0.478094,0.483653,0.481386,0.485914,0.435257,0.450342,0.496994,0.491764,0.504599,0.434529,0.479318,0.460338,0.509055,0.443183,0.468181,0.465361,0.460437,0.500767,0.528161,0.4785,0.512996,0.395221,0.538395,0.530242,0.50339,0.454054,0.499769,0.499637,0.512325,0.497684,0.507378,0.475274,0.488987,0.456255,0.532411,0.519551,0.550383,0.479728,0.522363,0.517248,0.45994,0.496174,0.535698,0.569186,0.693151,0.684566,0.495125,0.50458,0.529949,0.514573,0.536576,0.494342,0.462104,0.45141,0.496885,0.454506,0.514404,0.550612,0.538145,0.483849,0.487268,0.515886,0.486983,0.483582,0.823648,0.823517,0.529011,0.514649,0.556371,0.485753,0.462551,0.435545,0.507493,0.496524,0.524155,0.508897,0.500597,0.490892,0.517341,0.489328,0.46974,0.51086,0.498088,0.431579,0.408397,0.526053,0.508175,0.496329,0.396044,0.488358,0.453955,0.458668,0.501267,0.496873,0.52386,0.461978,0.437665,0.480639,0.480069,0.47411,0.516529,0.395456,0.510453,0.440181,0.527741,0.515115,0.533564,0.480238,0.530916,0.583774,0.530488,0.52285,0.5391,0.533715,0.511691,0.448652,0.473978,0.463982,0.488001,0.432656,0.493878,0.471217,0.529962,0.485121,0.525837,0.415469,0.622077,0.611125,0.60013,0.585699,0.517356,0.506963,0.406769,0.398859,0.539828,0.551619,0.427294,0.469212,0.481263,0.468833,0.510814,0.500764,0.498581,0.462866,0.507868,0.457856,0.447874,0.476607,0.49226,0.47332,0.399358,0.470692,0.546911,0.5333,0.553597,0.529402,0.488182,0.498014,0.554631,0.475025,0.561255,0.532801,0.512121,0.52827,0.521412,0.517964,0.544033,0.511403,0.44579,0.474051,0.543557,0.625561,0.492824,0.535206,0.515531,0.450335,0.486225,0.546204,0.57079,0.51351,0.557369,0.558201,0.522384,0.513127,0.472819,0.469411,0.488423,0.451783,0.484421,0.513381,0.514691,0.481655,0.525813,0.534706,0.549975,0.49565,0.50121,0.5304,0.467808,0.47922,1.036901,0.563405,0.572734,0.571739,0.45295,1.401602,0.331179,0.474563,1.867599,1.832069,0.493291,0.434705,0.493372,0.47139,0.510761,0.462034,0.468719,1.250918,0.564908,0.563848,0.568621,0.622504,0.45062,0.48124,0.553304,0.5111,0.503124,0.55126,0.495728,0.488891,0.490964,0.52536,0.543467,0.554862,0.509376,0.467788,0.555664,0.542138,0.501763,0.485174,0.505764,0.467923,0.713787,0.550578,0.497243,0.485908,1.898917,1.86287,0.552346,0.56432,0.507834,0.524496,0.579921,0.529803,0.623226,0.642736,0.589078,0.581151,0.614521,0.60901,0.652013,0.484498,0.743918,0.737154,0.506823,0.489905,1.348268,1.398789,0.695425,0.695084,1.041548,0.966422,1.162531,1.143238,0.615958,0.577928,0.470873,0.442169,0.848336,0.82309,0.52681,0.513711,0.564236,0.510658,1.427254,0.927806,0.514811,0.486637,0.502813,0.487775,0.505905,0.55607,0.494569,0.513293,0.422617,0.514802,1.165695,0.459717,0.556006,0.483811,0.543288,0.58525,0.500956,0.488241,0.476705,0.487917,0.563022,0.486203,0.542908,0.551896,0.597333,0.586931,0.700078,0.630623,0.600496,0.540928,0.635323,0.620644,0.488863,0.422058,0.496476,0.484299,0.53736,0.401693,0.490609,0.479422,0.51574,0.506051,0.507158,0.621307,0.464966,0.455899,0.515449,0.547781,0.501683,0.704051,0.547845,0.506356,1.50236,1.492406,0.753861,0.745567,0.488615,0.507739,0.516569,0.559268,0.557974,0.536439,0.540128,0.481075,0.489715,0.513,0.566777,0.557849,0.527924,0.515888,0.386518,0.489893,0.464646,0.49198,1.00274,1.614548,0.455542,0.47955,0.522153,0.467444,1.573957,1.530948,0.488061,0.468345,0.407887,0.361877,0.538521,0.496628,0.539025,0.543148,0.406568,0.474167,0.527864,0.452344,0.549452,0.497951,0.511174,0.468875,0.446674,0.466226,0.480254,0.486758,0.518224,0.490037,0.589769,0.57538,0.497447,0.494321,0.499012,0.514921,0.407325,0.478378,0.416976,0.495344,0.514979,0.48691,0.488993,0.44463,0.491273,0.520064,0.470775,0.442578,0.493388,0.474388,1.032313,0.508024,0.505998,0.498315,0.39601,0.605738,0.540052,0.52215,0.492879,0.425395,1.15918,0.395649
    ],
    fill: false,
    borderColor: 'rgb(115, 112, 12)',
    tension: 0.1,
    borderWidth: 0.5
  }
  ]
};